$ANSIBLE_VAULT;1.1;AES256
35616236376633666238656437376436313135626433386661393065356230343833643030356237
6265373865396632393563373433653666336361343930360a333535356436616332663466383934
34386638373833343835313335393333316566613131383835316564323730346562386532666665
3038363762666434310a613938386134643739353134633139373761306135356434666433623136
63356536366161663566653837633464303539386539383739623961653266383765383566656564
32653233393935343130373339393637663530646431636332376434333532366466666631666335
36646662323837626134356261373464633466633662633866653862643063656538316534363564
61363032363231626531336561363138343735313263333532643961396233353534373435653162
31363961373765656661653838383632666538643234626535376661386263346533393836663363
34653032613930353132373537633933373662656335613732343262656364333236393664366663
66623033313964313636306237366466653266383931613939643636376333363331313836613065
39383863396634353537306133313963346439643830363665316334323131383537313065343863
62376134353038303434376363343331373630313564373765323237663061666361393836373837
66376535633962363530663131346233343130396661616565343735366466616162633461313333
39616364396163366532336230656235313535393131653534356436663832666262643333346563
30616563633436343130636536313830663734643233646436383831363438323235653438316166
30393036613933336634356464373266343762333830663930623830386330653663333730653832
63643166376636386263353633333163353937383437636236383333303439393531306464623332
62323639383566306234646462616538343161306465393338623336626664343066316663356165
65633938356432313530363966303535333833623830303561363066386431626265363336386539
65386262626639376364353131306661383337373563616238383366613265383135333230316238
61376130663562333061376264626465386535653432623961366138316336366131366635663433
37363537366535313832613734366661353961306263616632383438396666653561663562303733
39616538353766663632306137623333613737623265633463626438616531626531363064333565
33363530316463636632653035393630343237353333373934336439643161633338356564343264
65323432396238633933326163376634326538393466316337386531346635386638633863623163
63363535613132326165396332636635623638303466323165306430333037623237343838626565
31333133363530373962
